{
  "accuracy": 0.7705,
  "f1": 0.8076547003771476,
  "roc_auc": 0.9063492361111112,
  "ap": 0.8963955661860217
}