{
  "accuracy": 0.7724166666666666,
  "f1": 0.8080950038648022,
  "roc_auc": 0.9137408055555555,
  "ap": 0.9103530586688617
}