{
  "accuracy": 0.8554166666666667,
  "f1": 0.8585174916415232,
  "roc_auc": 0.9391311111111111,
  "ap": 0.9385562804990669
}