{
  "accuracy": 0.87225,
  "f1": 0.8697868003057844,
  "roc_auc": 0.9486483333333333,
  "ap": 0.9494742187960017
}