{
  "accuracy": 0.91,
  "f1": 0.9108616705183229,
  "roc_auc": 0.9702077777777778,
  "ap": 0.9675914012076559
}