{
  "accuracy": 0.9139166666666667,
  "f1": 0.9143520437774646,
  "roc_auc": 0.9734862222222221,
  "ap": 0.9730709926699312
}